# Created by Octave 11.1.0, Fri Jun 12 10:52:41 2026 -03
# name: inimigos
# type: scalar struct
# ndims: 2
 1 1
# length: 2
# name: barril
# type: cell
# rows: 1
# columns: 2
# name: <cell-element>
# type: uint8 matrix
# ndims: 2
 10 15
 16
 16
 171
 33
 171
 171
 33
 171
 16
 16
 16
 19
 19
 19
 19
 19
 19
 19
 19
 16
 16
 171
 33
 171
 171
 171
 171
 33
 171
 16
 171
 33
 33
 171
 171
 171
 171
 33
 33
 171
 171
 33
 33
 171
 171
 171
 171
 33
 33
 171
 171
 33
 33
 171
 171
 171
 171
 33
 33
 171
 171
 33
 33
 171
 171
 171
 171
 33
 33
 171
 171
 33
 33
 171
 171
 171
 171
 33
 33
 171
 171
 33
 33
 171
 171
 171
 171
 33
 33
 171
 171
 33
 33
 171
 171
 171
 171
 33
 33
 171
 171
 33
 33
 171
 171
 171
 171
 33
 33
 171
 171
 33
 33
 171
 171
 171
 171
 33
 33
 171
 16
 171
 33
 171
 171
 171
 171
 33
 171
 16
 16
 19
 19
 19
 19
 19
 19
 19
 19
 16
 16
 16
 171
 33
 171
 171
 33
 171
 16
 16



# name: <cell-element>
# type: uint8 matrix
# ndims: 2
 10 12
 16
 16
 16
 171
 171
 171
 171
 16
 16
 16
 16
 16
 171
 33
 33
 33
 33
 171
 16
 16
 16
 171
 33
 33
 33
 33
 33
 33
 171
 16
 16
 171
 33
 33
 33
 33
 33
 33
 171
 16
 171
 33
 33
 19
 33
 33
 19
 33
 33
 171
 171
 33
 33
 33
 33
 19
 19
 33
 33
 171
 171
 33
 33
 33
 19
 19
 33
 33
 33
 171
 171
 33
 33
 19
 19
 33
 33
 33
 33
 171
 16
 171
 33
 19
 33
 33
 33
 33
 171
 16
 16
 171
 33
 33
 33
 33
 33
 33
 171
 16
 16
 16
 171
 33
 33
 33
 33
 171
 16
 16
 16
 16
 16
 171
 171
 171
 171
 16
 16
 16





# name: foguinho
# type: uint8 matrix
# ndims: 2
 16 14
 16
 16
 16
 16
 16
 16
 16
 16
 85
 16
 16
 16
 16
 16
 16
 16
 16
 16
 85
 16
 85
 16
 16
 16
 16
 85
 85
 85
 85
 16
 16
 16
 85
 16
 16
 16
 16
 85
 85
 85
 85
 85
 85
 85
 85
 85
 16
 16
 16
 16
 85
 85
 16
 16
 85
 85
 85
 220
 220
 220
 220
 85
 85
 16
 16
 16
 16
 85
 85
 85
 85
 220
 220
 220
 220
 220
 220
 220
 85
 85
 16
 16
 220
 16
 85
 85
 220
 220
 220
 255
 255
 255
 220
 220
 220
 85
 16
 85
 16
 16
 16
 85
 220
 220
 255
 255
 85
 85
 255
 220
 220
 85
 16
 16
 85
 85
 16
 220
 85
 220
 255
 255
 255
 255
 255
 220
 220
 85
 16
 16
 16
 85
 85
 85
 85
 220
 220
 255
 255
 255
 255
 220
 220
 85
 16
 16
 16
 16
 85
 85
 220
 85
 220
 255
 85
 85
 255
 220
 85
 85
 16
 16
 16
 16
 16
 16
 85
 85
 220
 220
 255
 255
 220
 220
 85
 16
 16
 16
 16
 220
 16
 16
 16
 85
 85
 220
 220
 220
 220
 85
 85
 16
 16
 16
 16
 16
 16
 16
 220
 16
 85
 85
 85
 85
 85
 85
 16
 16
 16
 16
 16
 16
 16
 16
 16
 16
 16
 16
 85
 85
 85
 16
 16
 16




