# Created by Octave 11.1.0, Fri Jun 12 10:52:41 2026 -03
# name: mc
# type: cell
# rows: 1
# columns: 5
# name: <cell-element>
# type: uint8 matrix
# ndims: 2
 7 12
 16
 16
 16
 16
 16
 19
 16
 16
 16
 16
 19
 19
 19
 16
 16
 85
 19
 214
 214
 19
 16
 85
 85
 19
 214
 214
 214
 214
 85
 85
 19
 19
 19
 214
 214
 85
 85
 19
 214
 19
 214
 214
 85
 85
 214
 214
 214
 214
 214
 16
 85
 214
 19
 214
 19
 214
 16
 85
 16
 214
 19
 19
 214
 16
 85
 16
 214
 214
 19
 214
 16
 16
 16
 214
 214
 19
 16
 16
 16
 16
 16
 214
 16
 16



# name: <cell-element>
# type: uint8 matrix
# ndims: 2
 7 12
 16
 16
 16
 16
 214
 16
 16
 16
 16
 16
 214
 214
 19
 16
 16
 85
 16
 214
 214
 19
 214
 16
 85
 16
 214
 19
 19
 214
 16
 85
 214
 19
 214
 19
 214
 85
 85
 214
 214
 214
 214
 214
 85
 85
 19
 214
 19
 214
 214
 85
 85
 19
 19
 19
 214
 214
 85
 85
 19
 214
 214
 214
 214
 16
 85
 19
 214
 214
 19
 16
 16
 16
 16
 19
 19
 19
 16
 16
 16
 16
 16
 16
 19
 16



# name: <cell-element>
# type: uint8 matrix
# ndims: 2
 16 13
 16
 16
 16
 16
 16
 16
 19
 19
 16
 16
 16
 16
 16
 16
 16
 16
 16
 16
 16
 16
 16
 19
 19
 19
 16
 16
 16
 16
 16
 16
 16
 16
 16
 16
 16
 16
 16
 19
 19
 19
 85
 85
 85
 85
 16
 16
 16
 16
 87
 149
 149
 19
 19
 19
 19
 19
 85
 85
 85
 85
 85
 85
 19
 149
 87
 85
 19
 19
 19
 214
 85
 85
 85
 85
 85
 85
 85
 19
 19
 19
 87
 85
 85
 19
 19
 214
 19
 19
 85
 85
 85
 85
 85
 19
 19
 19
 87
 85
 85
 19
 19
 214
 19
 19
 19
 85
 85
 85
 85
 19
 19
 19
 87
 85
 85
 19
 19
 214
 19
 19
 19
 85
 85
 85
 16
 85
 19
 19
 87
 85
 85
 19
 19
 214
 19
 19
 85
 85
 85
 85
 19
 16
 19
 19
 214
 85
 19
 19
 19
 214
 85
 85
 85
 85
 85
 85
 19
 16
 149
 16
 214
 214
 19
 19
 19
 19
 19
 19
 85
 85
 85
 85
 19
 149
 149
 149
 214
 214
 19
 19
 19
 19
 19
 19
 85
 85
 85
 85
 19
 16
 16
 16
 87
 16
 16
 19
 19
 19
 16
 16
 16
 85
 85
 16
 16
 16
 16
 16



# name: <cell-element>
# type: uint8 matrix
# ndims: 2
 12 16
 16
 16
 16
 16
 16
 16
 16
 16
 87
 87
 87
 87
 16
 16
 16
 214
 16
 85
 85
 85
 85
 87
 16
 87
 16
 16
 214
 19
 85
 85
 85
 85
 85
 85
 16
 16
 16
 16
 19
 85
 85
 85
 85
 85
 85
 85
 85
 85
 16
 214
 85
 85
 85
 85
 85
 85
 85
 85
 85
 85
 16
 214
 19
 85
 85
 85
 85
 85
 85
 85
 85
 85
 16
 214
 19
 19
 85
 85
 85
 85
 85
 85
 85
 85
 16
 214
 19
 19
 85
 85
 85
 85
 85
 87
 85
 85
 16
 214
 19
 85
 85
 85
 85
 85
 85
 85
 19
 19
 16
 19
 85
 85
 85
 85
 85
 85
 85
 85
 19
 19
 16
 19
 19
 19
 85
 85
 85
 85
 85
 85
 19
 19
 16
 16
 19
 19
 85
 85
 85
 85
 85
 85
 19
 16
 16
 16
 16
 19
 19
 85
 85
 85
 85
 87
 87
 16
 16
 16
 16
 214
 214
 214
 85
 85
 16
 87
 87
 16
 16
 16
 16
 16
 214
 214
 16
 16
 16
 87
 87
 87
 16
 16
 16
 16
 16
 16
 16
 16
 16
 87
 87
 87



# name: <cell-element>
# type: uint8 matrix
# ndims: 2
 15 16
 16
 16
 16
 16
 16
 16
 16
 16
 214
 214
 16
 16
 16
 16
 87
 16
 16
 16
 16
 16
 16
 16
 19
 19
 214
 16
 16
 16
 16
 87
 16
 16
 16
 16
 16
 16
 19
 19
 19
 214
 16
 16
 16
 16
 87
 16
 16
 16
 16
 16
 19
 19
 19
 85
 85
 85
 85
 85
 16
 19
 16
 16
 19
 19
 16
 19
 19
 85
 85
 85
 85
 85
 85
 85
 19
 85
 19
 19
 19
 214
 85
 85
 85
 85
 85
 85
 85
 85
 85
 19
 85
 85
 19
 19
 214
 19
 19
 19
 85
 85
 85
 85
 85
 85
 19
 85
 85
 19
 19
 214
 19
 19
 19
 19
 85
 85
 85
 16
 85
 19
 85
 85
 19
 19
 214
 19
 19
 19
 19
 85
 85
 85
 16
 85
 19
 85
 85
 19
 19
 214
 19
 19
 19
 85
 85
 85
 85
 85
 85
 19
 85
 19
 19
 19
 214
 85
 85
 85
 85
 85
 85
 85
 85
 85
 19
 16
 16
 19
 19
 16
 19
 19
 85
 85
 85
 85
 85
 85
 85
 19
 16
 16
 16
 16
 16
 19
 19
 19
 85
 85
 85
 85
 85
 16
 19
 16
 16
 16
 16
 16
 16
 19
 19
 19
 214
 16
 16
 16
 16
 16
 16
 16
 16
 16
 16
 16
 16
 19
 19
 214
 16
 16
 16
 16
 16
 16
 16
 16
 16
 16
 16
 16
 16
 214
 214
 16
 16
 16
 16
 16





